-5.347224419772509752e-04
-5.094830309665052126e-04
-4.982841840132068954e-04
-4.882864232453879494e-04
-4.797313747181100076e-04
-4.630506997629959274e-04
-4.530534813410947229e-04
-4.430386968264059125e-04
-4.401629376351667389e-04
-4.391133125989322354e-04
-4.323584071655626419e-04
-4.217696208122548003e-04
-4.089088846388595983e-04
-4.066981144620737047e-04
-4.058834187503155676e-04
-4.057597474012231619e-04
-4.010549400605016362e-04
-3.964394925171439341e-04
-3.949524018432156672e-04
-3.928603167885776591e-04
-3.913198396309269583e-04
-3.900246560634680290e-04
-3.786791606592051075e-04
-3.779053989523536235e-04
-3.752382694686933590e-04
-3.699602985698999388e-04
-3.680994723106228365e-04
-3.666090709486903901e-04
-3.592471630486444487e-04
-3.574186694615390735e-04
-3.572462929161379880e-04
-3.510546234809458575e-04
-3.483394033846001097e-04
-3.469169465896511828e-04
-3.344023248103795759e-04
-3.338374613156449406e-04
-3.252608601702570296e-04
-3.252031779816544083e-04
-3.215292415198466340e-04
-3.176767207255306062e-04
-3.164302192981330699e-04
-3.108629048731508752e-04
-3.107452623990002269e-04
-3.010200415472127065e-04
-2.992237417057652107e-04
-2.987106934494724773e-04
-2.986308945555386720e-04
-2.979564919473770318e-04
-2.954832061934737839e-04
-2.949361001159887786e-04
-2.918044051610142763e-04
-2.910714833266946446e-04
-2.901978652717707510e-04
-2.870202256402858338e-04
-2.848596029174663233e-04
-2.808403307548317548e-04
-2.807686817654642662e-04
-2.784243029433972451e-04
-2.772349745003051128e-04
-2.768511359691705974e-04
-2.736077681680634853e-04
-2.710030274441352556e-04
-2.690138000512216909e-04
-2.685147452311045530e-04
-2.638341334664722035e-04
-2.627013443612449817e-04
-2.575386506954052451e-04
-2.504996048008052505e-04
-2.494480400951703896e-04
-2.470576253563119438e-04
-2.375471037012598266e-04
-2.353630909949199217e-04
-2.330865497177190692e-04
-2.313368009591229286e-04
-2.288775182069244447e-04
-2.287891249446505132e-04
-2.286567481235921430e-04
-2.271315866116958686e-04
-2.241669896583207695e-04
-2.235338700138636754e-04
-2.159409107065760926e-04
-2.141560442531022820e-04
-2.107234901491922383e-04
-2.093434474977511669e-04
-2.086780261937148506e-04
-2.044516665841894824e-04
-2.022703358017217967e-04
-1.952438429825033013e-04
-1.930629807105198759e-04
-1.858685118382584934e-04
-1.737316761987694168e-04
-1.603848899592785412e-04
-1.591821428205066502e-04
-1.421782260832349712e-04
-1.377861052997959130e-04
-1.330826642959476202e-04
-1.198825703046581552e-04
-1.111190482501584170e-04
-9.341919752137086298e-05
-6.483780504923638351e-05
